wallet
0x232e02988970e8ab920c83964cc7922d9c282dca
0xb95ba8d390d8907705022c37eb19981b7a213181
0x524d7a3e4530b89a769a566101a9bcfbe1216f11
0x95b9512fe2dd8ab89a9efae8afce2a8d27cf3382
0x864d89b2d2486d40b702ea7e8bf15e79c38e622e
0x1e927ca8376d51c163fff2038080484ece23212b
0x0d21e320e93b88d79bb6b07945fd8960eb988e16
0xfbf649bc04521cd7586ece3a6bb74073399b738b
0xdd49e0f8e8a3cbd003bb9a84d9554938b2bd9a3c
0x1d4c3b9f8f49d6ac44e398f766f520a3cdb0f3d5
0x17d6c8f47293226462d930baa4f50db6760e5975
0xaf644a33988967c4f309d23f4cbcdc47cab1531c
0x91c242be080de00884cfd8190b1481050f8d7b65
0xb6aa2932e1aa279f5da11c4450683bad037f2486
0x2839ce5ad374f990a12f2aaba620e0d0c5bc1e0e
0x1eb5f6d2388b2dee3505334e4aeb96728a757b2b
0x0cf2c48372b483606f906e72dc0e210636e30c72
0x74fb3bec1545e02fa63fd40561f7bc36e2c06134
0xdce1386dbca787210684ddc09aef14a9c0b5abf7
0x0161d1cc10116bb2a073a0c293d5e4f1a97a00b6
0x84b3b018b4d47699cc5aa4af6e583af1a862c9a9
0xd53a4188e0bda47f655c2aa45b509cf587f39e60
0x99b3dcfe5b8f9930f49ab00d7b2557832db5c65b
0x69d62b87d953009308ad4a1f538102e27ab78df5
0xfbf649bc04521cd7586ece3a6bb74073399b738b
0x124aefa2fa991c62c3a137369fa8cd076de27b80
0x9e7f94118cf3abe549915aeadca0449ce585e45b
0xb4a9f08e1addaa8ce1837e3c73093d2970aae7ea
0xc5f0d5be256c6ddbcedca77383c1a43eca0a16e1
0x99b3dcfe5b8f9930f49ab00d7b2557832db5c65b
0x2839ce5ad374f990a12f2aaba620e0d0c5bc1e0e
0x74fb3bec1545e02fa63fd40561f7bc36e2c06134
0xe25aac6ddca6b6fd804161d298c488dc864be0ab
0x95b9512fe2dd8ab89a9efae8afce2a8d27cf3382
0x17d6c8f47293226462d930baa4f50db6760e5975
0x54267d6706f8830e0f47aa18c3598351317adcb5
0x0bf5b319a6a683f1dd942edccac40ee51ed0f5aa
0xed7498205d0a522528210f963f4bf8e5752df98f
0x74307301ee4af8341457f353996f64df8a382362
